name: yt-playlist-refresh
channels:
  - conda-forge
  - defaults
dependencies:
  - beautifulsoup4=4.11.1=pyha770c72_0
  - brotlipy=0.7.0=py310he2412df_1004
  - bzip2=1.0.8=h8ffe710_4
  - ca-certificates=2021.10.8=h5b45459_0
  - certifi=2021.10.8=py310h5588dad_2
  - cffi=1.15.0=py310hcbf9ad4_0
  - charset-normalizer=2.0.12=pyhd8ed1ab_0
  - cryptography=36.0.2=py310ha857299_1
  - idna=3.3=pyhd8ed1ab_0
  - libffi=3.4.2=h8ffe710_5
  - libzlib=1.2.11=h8ffe710_1014
  - openssl=1.1.1n=h8ffe710_0
  - pip=22.0.4=pyhd8ed1ab_0
  - pycparser=2.21=pyhd8ed1ab_0
  - pyopenssl=22.0.0=pyhd8ed1ab_0
  - pysocks=1.7.1=py310h5588dad_5
  - python=3.10.4=h9a09f29_0_cpython
  - python_abi=3.10=2_cp310
  - requests=2.27.1=pyhd8ed1ab_0
  - setuptools=62.1.0=py310h5588dad_0
  - soupsieve=2.3.1=pyhd8ed1ab_0
  - sqlite=3.38.2=h8ffe710_0
  - tk=8.6.12=h8ffe710_0
  - tzdata=2022a=h191b570_0
  - ucrt=10.0.20348.0=h57928b3_0
  - urllib3=1.26.9=pyhd8ed1ab_0
  - vc=14.2=hb210afc_6
  - vs2015_runtime=14.29.30037=h902a5da_6
  - wheel=0.37.1=pyhd8ed1ab_0
  - win_inet_pton=1.1.0=py310h5588dad_4
  - xz=5.2.5=h62dcd97_1
  - pip:
    - brotli==1.0.9
    - mutagen==1.45.1
    - pycryptodomex==3.14.1
    - websockets==10.3
    - yt-dlp==2022.4.8
